20180827-08-55-replace lstm with gru
20180918-20-47-_pickle.UnpicklingError: invalid load key, '\x00'
20180920-10-57-move the location of 'optimizer.zero_grad()'
20180921-18-57-the 'mm-nn- ' with main_pytorch and model_pytorch_n is lstm with different lstm weight
               the 'mm-1- ' with main_pytorch_1 and model_pytorch_1 is lstm with same lstm weight
               the 'mm-2- ' with main_pytorch_2 and model_pytorch_2 is gru with different weight



scp -r sentence_match_20180924/main_pytorch_0.py  yating@219.216.72.119:sentence_match_20180917/main_pytorch.py
scp -r sentence_match_20180924/model_pytorch_n.py  yating@219.216.72.119:sentence_match_20180917/model_pytorch_n.py
scp -r -P9022 sentence_match_20180925/model_pytorch_0.py  artemis@titanxp.sure-to.win:/data/artemis/sentence_match_20180917/model_pytorch_0.py
scp -r -P9022 sentence_match_20180925/main_pytorch_0.py  artemis@titanxp.sure-to.win:/data/artemis/sentence_match_20180917/main_pytorch_0.py
scp -r -P9022 sentence_match_20180924/diary  artemis@titanxp.sure-to.win:/data/artemis/sentence_match_20180917/diary
scp -r -P9022 sentence_match_20180925/ artemis@titanxp.sure-to.win:/data/artemis/

UserWarning: RNN module weights are not part of single contiguous chunk of memory. This means they need to be compacted at every call, possibly greatly increasing memory usage. To compact weights again call flatten_parameters().

[7695, 7696, 7698, 7699, 7700, 7856, 7857, 7858, 8146, 8147, 8148, 8700, 8701, 8702, 16537, 16538, 16539, 17873, 17874, 42057, 42058, 42059, 19122, 19123, 19124, 26166, 26167, 26168, 27101, 27102, 27103, 36588, 36589, 36590, 45575, 45576, 45577, 52051, 52052, 52053]
[9181, 9182, 9996, 9997, 9998, 18607, 18608, 18609, 36588, 36589, 36590, 37342, 37343, 37344, 43103, 43104, 43105, 45328, 45329, 45330, 8822, 8823, 61195, 61196, 61197, 47729, 47730, 47731, 51793, 51794, 51795, 60363, 60364, 60365, 63482, 63483, 63484, 64605, 64606, 64607, 68625, 68626, 68627, 69149, 69150, 69151]
[2803, 2804, 9181, 9182, 9183, 9185, 9186, 9187, 9996, 9997, 9998, 18607, 18608, 18609, 24001, 24002, 24003, 28101, 28102, 28103, 31150, 31151, 53359, 53360, 53361, 34172, 34173, 34174, 35621, 35622, 35623, 36588, 36589, 36590, 37342, 37343, 37344, 43103, 43104, 43105, 45328, 45329, 45330, 8822, 8823, 61195, 61196, 61197, 47729, 47730]
[917, 918, 1562, 1563, 1564, 2803, 2804, 2805, 2843, 2844, 2845, 4674, 4675, 4676, 7695, 7696, 7697, 9997, 9998, 9999, 9181, 9182, 9183, 9185, 9186, 9187, 17558, 17559, 17560, 18607, 18608, 18609, 24001, 24002, 24003, 27137, 27138, 27139, 28101, 28102, 28103, 31150, 31151, 53359, 53360, 53361, 34172, 34173, 34174, 35621, 35622]
[421, 422, 471, 472, 473, 917, 918, 919, 1562, 1563, 1564, 2803, 2804, 2805, 2843, 2844, 2845, 4674, 4675, 4676, 5037, 5038, 5039, 5041, 5042, 5043, 7695, 7696, 7697, 9997, 9998, 9999, 7856, 7857, 7858, 8483, 8484, 8485, 9181, 9182, 9183, 9185, 9186, 9187, 13699, 13700, 13701, 14168, 14169, 14170]
[52051, 52052, 51794, 19122, 19123, 19124, 19125, 36588, 36589, 36590, 36591, 39192, 39193, 39194, 39195, 39399, 39400, 39401, 39402, 47729, 47730, 47731, 47732, 56042, 56043, 56044, 56045, 69149, 69150, 69151, 31531, 68077, 68078, 68079, 68080, 60206, 60207]
[54191, 54192, 54193, 7856, 7857, 44515, 66135, 59455, 59456, 59457, 59458, 9001, 9002, 9003, 9004, 11806, 11807, 11808, 11809, 12920, 12921, 12922, 12923, 16537, 16538, 16539, 16540, 18607, 18608, 18609, 18611, 18612, 18613, 18614, 31531, 68077, 68078, 19122, 19123, 19124, 19125, 36588, 36589, 36590, 36591, 39192, 39193, 39194, 39195, 39399, 39400]
[54191, 54192, 54193, 7856, 7857, 44515, 66135, 11786, 41099, 27138, 57326, 57327, 57328, 9001, 9002, 9003, 9004, 9181, 9182, 9183, 9185, 9186, 9187, 9188, 11806, 11807, 11808, 11809, 12920, 12921, 12922, 12923, 16537, 16538, 16539, 16540, 17024, 17025, 17026, 17027, 51794, 51795, 51796, 51797, 37832, 37833, 18607, 18608, 18609, 18611]
[54191, 54192, 13637, 1562, 1563, 1564, 1565, 30011, 30012, 30013, 30014, 5037, 5038, 5039, 5041, 5042, 5043, 5044, 57741, 37832, 37833, 5475, 5476, 5477, 46831, 6174, 6175, 6176, 6177, 51794, 51795, 51796, 51797, 6584, 6585, 6586, 6587, 7695, 7696, 7697, 57582, 55173, 44554, 21992, 27138, 14187, 25712, 7701, 7702, 7703]
[56042, 56043, 56044, 56045, 56046, 69149, 69150, 69151, 57582, 57583, 57584, 57585, 57586]
[54191, 54192, 54193, 54194, 44559, 44560, 44561, 44562, 44563, 471, 472, 473, 474, 475, 909, 910, 911, 912, 913, 917, 918, 919, 921, 922, 923, 924, 925, 1043, 1044, 1045, 1046, 1047, 1060, 1061, 1062, 1063, 1064, 1111, 1112, 1113, 1114, 28552, 28553, 67551, 67552, 67553, 67554, 67555, 1559, 1560]
[21791, 21792, 21793, 21794, 21795, 430, 431, 432, 433, 434, 917, 918, 919, 920, 3722, 3723, 3724, 3725, 3726, 23275, 23276, 23277, 23278, 23280, 23281, 23282, 23283, 23284, 949, 950, 951, 952, 953, 957, 958, 959, 960, 961, 988, 989, 990, 991, 992, 1058, 1059, 1060, 1061, 1062, 1119, 1120]
[55377, 55378, 55379, 55380, 55381, 11513, 11514, 11515, 11516, 11517, 17605, 17606, 17607, 17608, 17609, 19257, 19258, 19259, 19260, 19261, 20029, 20030, 20031, 20032, 20033, 20060, 20061, 20062, 20063, 20064, 20584, 20585, 20586, 20587, 918, 919, 920, 66261, 45832, 45833, 45834, 57538, 57539, 57540, 57541, 57542, 23643, 23644, 23645, 23646]


